# Wavelength (nm)	Smoothed Intensity
299.383362	11.011573
299.552002	11.167928
299.720612	11.327450
299.889191	11.489986
300.057800	11.655384
300.226379	11.823490
300.394958	11.994153
300.563538	12.167219
300.732117	12.342537
300.900696	12.519953
301.069244	12.699316
301.237793	12.880472
301.406342	13.063269
301.574890	13.247554
301.743408	13.433175
301.911957	13.619980
302.080475	13.807816
302.248993	13.996530
302.417480	14.185969
302.585999	14.375982
302.754486	14.660003
302.922974	14.849285
303.091461	15.039138
303.259949	15.227390
303.428436	15.415662
303.596893	15.603451
303.765350	15.791597
303.933807	15.978879
304.102264	16.165506
304.270691	16.352082
304.439117	16.537886
304.607574	16.722888
304.776001	16.907541
304.944397	17.091141
305.112823	17.274236
305.281219	17.455970
305.449615	17.637722
305.618011	17.819902
305.786407	18.001538
305.954773	18.183454
306.123169	18.366008
306.291534	18.548078
306.459900	18.729722
306.628235	18.911668
306.796600	19.093794
306.964935	19.275283
307.133270	19.456414
307.301605	19.637802
307.469940	19.819428
307.638245	20.000855
307.806580	20.182017
307.974884	20.362555
308.143188	20.541250
308.311462	20.720521
308.479767	20.898237
308.648041	21.075784
308.816315	21.252562
308.984589	21.428158
309.152863	21.603230
309.321106	21.776298
309.489380	21.948124
309.657623	22.119549
309.825867	22.290175
309.994080	22.459508
310.162323	22.627134
310.330536	22.793557
310.498749	22.959179
310.666962	23.123457
310.835175	23.286190
311.003357	23.447827
311.171539	23.607640
311.339752	23.766347
311.507904	23.923779
311.676086	24.080766
311.844238	24.237175
312.012421	24.393093
312.180573	24.546909
312.348724	24.700144
312.516846	24.851459
312.684998	25.001637
312.853119	25.150035
313.021240	25.296889
313.189362	25.443336
313.357452	25.589299
313.525574	25.734928
313.693665	25.879548
313.861755	26.023940
314.029846	26.166026
314.197937	26.306712
314.365997	26.446087
314.534058	26.585428
314.702118	26.724850
314.870178	26.864250
315.038239	27.002304
315.206268	27.139974
315.374298	27.275938
315.542328	27.411980
315.710358	27.546259
315.878357	27.680215
316.046387	27.814021
316.214386	27.947399
316.382385	28.079453
316.550385	28.209968
316.718353	28.339016
316.886353	28.467134
317.054321	28.594928
317.222290	28.720414
317.390259	28.846101
317.558197	28.971130
317.726135	29.094539
317.894104	29.216852
318.062012	29.337663
318.229950	29.457459
318.397888	29.574762
318.565796	29.689364
318.733704	29.803089
318.901611	29.916330
319.069519	30.027639
319.237396	30.138727
319.405304	30.249059
319.573181	30.359856
319.741058	30.470334
319.908905	30.579576
320.076782	30.687716
320.244629	30.794063
320.412476	30.899117
320.580322	31.002907
320.748169	31.106598
320.915985	31.210384
321.083801	31.314450
321.251617	31.417775
321.419434	31.519889
321.587250	31.621877
321.755035	31.724321
321.922821	31.826261
322.090607	31.927822
322.258392	32.027759
322.426178	32.129030
322.593933	32.228841
322.761719	32.327703
322.929474	32.423730
323.097198	32.518196
323.264954	32.610627
323.432678	32.702207
323.600403	32.794033
323.768127	32.883985
323.935852	32.973492
324.103577	33.060075
324.271271	33.145013
324.438965	33.228532
324.606659	33.311015
324.774353	33.391658
324.942047	33.470582
325.109711	33.548146
325.277374	33.625596
325.445038	33.701940
325.612701	33.776978
325.780334	33.850358
325.947968	33.923133
326.115631	33.994846
326.283234	34.065972
326.450867	34.136592
326.618500	34.207545
326.786102	34.277469
326.953705	34.347416
327.121307	34.418361
327.288879	34.489158
327.456482	34.561539
327.624054	34.633372
327.791626	34.705300
327.959198	34.776452
328.126770	34.848723
328.294312	34.920436
328.461853	34.993175
328.629395	35.066110
328.796936	35.139301
328.964478	35.212958
329.131989	35.285362
329.299500	35.356965
329.467010	35.428248
329.634521	35.500215
329.802002	35.572326
329.969513	35.644348
330.136993	35.715828
330.304474	35.784859
330.471954	35.853050
330.639404	35.920318
330.806854	35.987204
330.974335	36.053385
331.141754	36.118381
331.309204	36.181736
331.476654	36.244368
331.644073	36.306250
331.811493	36.366485
331.978912	36.424246
332.146332	36.479786
332.313721	36.534211
332.481110	36.587749
332.648499	36.640463
332.815887	36.691874
332.983276	36.741548
333.150635	36.790558
333.317993	36.838895
333.485352	36.887297
333.652710	36.935172
333.820068	36.981050
333.987396	37.026572
334.154724	37.070278
334.322052	37.114293
334.489380	37.157456
334.656708	37.201897
334.824005	37.245378
334.991302	37.289033
335.158600	37.331424
335.325897	37.374703
335.493164	37.418467
335.660431	37.461937
335.827728	37.506579
335.994965	37.551663
336.162231	37.596049
336.329498	37.640370
336.496735	37.683500
336.663971	37.726566
336.831207	37.769125
336.998413	37.811974
337.165649	37.856093
337.332855	37.900316
337.500061	37.944378
337.667267	37.987821
337.834442	38.030879
338.001648	38.073511
338.168823	38.115418
338.335999	38.156082
338.503174	38.196978
338.670319	38.237958
338.837494	38.279214
339.004639	38.320385
339.171783	38.360958
339.338898	38.400645
339.506042	38.441077
339.673157	38.482001
339.840271	38.522710
340.007385	38.562666
340.174500	38.602314
340.341583	38.641767
340.508667	38.681164
340.675751	38.720319
340.842834	38.759414
341.009918	38.797552
341.176971	38.835983
341.344055	38.873319
341.511108	38.911276
341.678131	38.950137
341.845184	38.989428
342.012207	39.028168
342.179230	39.066912
342.346252	39.105864
342.513275	39.144494
342.680298	39.182610
342.847290	39.220453
343.014282	39.257288
343.181274	39.294480
343.348267	39.330907
343.515228	39.367188
343.682190	39.404106
343.849152	39.439339
344.016113	39.474083
344.183075	39.508483
344.350006	39.542153
344.516968	39.576213
344.683899	39.611185
344.850800	39.645364
345.017731	39.678770
345.184631	39.711031
345.351532	39.742430
345.518433	39.772399
345.685333	39.801591
345.852234	39.830275
346.019104	39.859169
346.185974	39.887451
346.352844	39.915354
346.519714	39.942563
346.686554	39.969872
346.853424	39.997181
347.020264	40.024229
347.187073	40.052081
347.353912	40.078550
347.520721	40.105203
347.687561	40.132385
347.854370	40.159124
348.021179	40.185785
348.187958	40.212639
348.354736	40.239659
348.521545	40.267386
348.688324	40.295489
348.855072	40.323850
349.021851	40.351709
349.188599	40.378897
349.355347	40.406244
349.522095	40.434326
349.688843	40.462443
349.855560	40.490519
350.022308	40.518557
350.189026	40.546589
350.355743	40.573525
350.522430	40.599943
350.689148	40.627042
350.855835	40.653895
351.022522	40.681588
351.189209	40.708480
351.355865	40.734367
351.522522	40.759699
351.689209	40.783961
351.855865	40.807810
352.022491	40.831502
352.189148	40.855325
352.355774	40.879466
352.522400	40.904013
352.689026	40.927953
352.855652	40.950778
353.022247	40.973886
353.188843	40.997142
353.355438	41.020318
353.522034	41.043493
353.688629	41.066307
353.855194	41.088138
354.021759	41.110724
354.188324	41.132536
354.354889	41.153833
354.521454	41.174662
354.687988	41.195133
354.854523	41.216619
355.021057	41.238211
355.187592	41.259510
355.354095	41.280620
355.520599	41.300691
355.687134	41.320355
355.853607	41.340120
356.020111	41.360025
356.186584	41.379286
356.353088	41.398127
356.519562	41.416620
356.686005	41.435426
356.852478	41.454427
357.018921	41.474544
357.185364	41.496645
357.351807	41.517598
357.518250	41.538949
357.684692	41.560093
357.851105	41.581227
358.017517	41.601687
358.183929	41.621425
358.350311	41.641618
358.516724	41.661660
358.683105	41.681485
358.849487	41.701990
359.015869	41.721566
359.182220	41.740760
359.348602	41.760330
359.514954	41.780782
359.681305	41.800813
359.847656	41.820466
360.013977	41.839994
360.180298	41.858347
360.346649	41.876043
360.512939	41.892617
360.679260	41.909276
360.845581	41.926006
361.011871	41.941695
361.178162	41.958335
361.344452	41.976142
361.510712	41.993645
361.677002	42.010965
361.843262	42.028180
362.009521	42.045264
362.175751	42.062346
362.342010	42.081106
362.508240	42.100995
362.674469	42.120943
362.840698	42.141149
363.006927	42.162941
363.173126	42.185691
363.339325	42.208468
363.505524	42.231469
363.671722	42.254095
363.837921	42.276075
364.004089	42.299075
364.170258	42.321578
364.336426	42.344080
364.502594	42.366198
364.668762	42.387402
364.834900	42.408265
365.001038	42.428351
365.167175	42.448874
365.333282	42.469474
365.499420	42.489609
365.665527	42.508799
365.831635	42.525800
365.997742	42.540781
366.163818	42.555396
366.329926	42.568105
366.496002	42.579626
366.662079	42.590600
366.828156	42.601453
366.994202	42.611812
367.160248	42.622312
367.326294	42.632057
367.492340	42.641660
367.658386	42.652176
367.824402	42.662948
367.990448	42.674416
368.156464	42.685083
368.322449	42.696327
368.488464	42.707298
368.654449	42.718257
368.820435	42.729861
368.986420	42.742582
369.152405	42.756360
369.318390	42.772498
369.484344	42.789091
369.650299	42.806889
369.816254	42.825181
369.982178	42.843954
370.148132	42.863360
370.314056	42.883174
370.479980	42.903451
370.645905	42.923100
370.811798	42.942745
370.977692	42.961445
371.143616	42.979225
371.309479	42.996706
371.475372	43.015318
371.641266	43.033701
371.807129	43.050746
371.972992	43.067483
372.138855	43.082000
372.304688	43.094828
372.470551	43.106747
372.636383	43.117470
372.802216	43.126105
372.968018	43.133451
373.133850	43.140018
373.299652	43.145794
373.465454	43.150884
373.631256	43.155352
373.797058	43.159431
373.962830	43.163071
374.128601	43.166810
374.294373	43.170566
374.460144	43.173915
374.625916	43.176937
374.791656	43.179918
374.957397	43.182617
375.123138	43.186873
375.288879	43.192302
375.454590	43.200618
375.620331	43.209172
375.786041	43.219210
375.951721	43.229041
376.117432	43.239860
376.283112	43.249807
376.448822	43.261186
376.614471	43.273385
376.780151	43.285826
376.945831	43.299361
377.111481	43.312661
377.277130	43.326639
377.442780	43.340163
377.608429	43.354437
377.774048	43.369334
377.939667	43.384587
378.105286	43.399301
378.270905	43.413326
378.436523	43.425795
378.602112	43.436346
378.767700	43.446356
378.933289	43.456109
379.098877	43.465256
379.264435	43.474350
379.429993	43.483875
379.595551	43.495225
379.761108	43.505709
379.926666	43.515510
380.092194	43.524456
380.257721	43.533076
380.423248	43.541626
380.588776	43.549916
380.754272	43.557961
380.919800	43.565624
381.085297	43.572777
381.250793	43.579039
381.416260	43.586048
381.581757	43.594613
381.747223	43.604520
381.912689	43.615461
382.078125	43.625416
382.243591	43.636614
382.409027	43.647193
382.574463	43.657816
382.739899	43.668703
382.905334	43.680374
383.070740	43.692057
383.236176	43.704547
383.401581	43.717880
383.566956	43.731316
383.732361	43.744200
383.897736	43.758029
384.063110	43.773488
384.228485	43.789719
384.393860	43.806915
384.559204	43.824436
384.724579	43.841210
384.889923	43.858489
385.055237	43.876412
385.220581	43.894685
385.385895	43.913611
385.551239	43.932837
385.716522	43.952699
385.881836	43.973196
386.047150	43.992935
386.212433	44.010918
386.377716	44.029017
386.542999	44.046572
386.708252	44.063447
386.873535	44.079530
387.038788	44.095897
387.204041	44.112448
387.369293	44.128836
387.534515	44.145335
387.699738	44.160953
387.864960	44.177296
388.030182	44.193375
388.195404	44.208416
388.360596	44.221600
388.525787	44.233621
388.690979	44.244544
388.856171	44.253907
389.021362	44.262182
389.186523	44.270335
389.351685	44.278494
389.516846	44.286967
389.682007	44.294658
389.847137	44.301059
390.012268	44.308272
390.177399	44.314894
390.342529	44.323205
390.507629	44.329908
390.672760	44.336057
390.837860	44.341083
391.002960	44.346185
391.168030	44.351718
391.333130	44.358122
391.498199	44.363835
391.663269	44.370217
391.828339	44.377852
391.993378	44.385738
392.158447	44.393420
392.323486	44.402243
392.488525	44.410205
392.653534	44.418203
392.818573	44.425839
392.983582	44.434319
393.148590	44.443430
393.313599	44.453767
393.478577	44.465338
393.643585	44.476924
393.808563	44.488636
393.973541	44.500359
394.138489	44.511366
394.303467	44.522920
394.468414	44.533638
394.633362	44.543816
394.798309	44.554584
394.963226	44.566153
395.128174	44.577265
395.293091	44.589161
395.458008	44.601868
395.622894	44.615266
395.787811	44.628591
395.952698	44.642134
396.117584	44.656359
396.282471	44.670751
396.447327	44.686382
396.612213	44.699903
396.777069	44.714758
396.941925	44.728227
397.106750	44.743462
397.271606	44.758938
397.436432	44.776222
397.601257	44.792908
397.766083	44.808798
397.930878	44.824621
398.095703	44.840144
398.260498	44.855096
398.425293	44.868984
398.590057	44.882514
398.754852	44.895821
398.919617	44.907423
399.084381	44.920042
399.249146	44.932453
399.413879	44.945296
399.578644	44.957656
399.743378	44.970551
399.908112	44.983399
400.072815	44.995605
400.237549	45.009156
400.402252	45.022703
400.566956	45.035201
400.731659	45.046665
400.896332	45.059416
401.061035	45.073254
401.225708	45.087345
401.390381	45.102178
401.555023	45.115915
401.719696	45.130580
401.884338	45.145042
402.048981	45.159048
402.213623	45.173366
402.378235	45.186058
402.542847	45.198751
402.707489	45.210558
402.872070	45.222127
403.036682	45.231839
403.201294	45.243353
403.365875	45.253017
403.530457	45.261517
403.695007	45.268659
403.859589	45.275589
404.024139	45.281611
404.188690	45.285587
404.353241	45.288953
404.517792	45.291261
404.682312	45.293101
404.846832	45.296171
405.011353	45.299048
405.175873	45.302014
405.340393	45.305032
405.504883	45.309465
405.669373	45.314224
405.833862	45.319102
405.998322	45.323732
406.162811	45.329252
406.327271	45.335657
406.491730	45.341661
406.656189	45.349130
406.820618	45.355809
406.985046	45.362275
407.149475	45.370192
407.313904	45.379311
407.478333	45.388724
407.642731	45.398671
407.807129	45.409497
407.971527	45.419828
408.135925	45.431083
408.300293	45.443065
408.464661	45.454938
408.629028	45.467295
408.793396	45.478185
408.957764	45.489731
409.122101	45.501253
409.286438	45.514092
409.450775	45.526477
409.615112	45.539053
409.779419	45.549693
409.943726	45.559808
410.108032	45.569809
410.272339	45.578946
410.436646	45.586974
410.600922	45.593722
410.765198	45.602215
410.929474	45.609909
411.093750	45.618077
411.257996	45.626634
411.422241	45.634309
411.586487	45.641298
411.750732	45.648556
411.914948	45.656341
412.079193	45.662520
412.243408	45.668779
412.407623	45.675329
412.571808	45.681917
412.735992	45.689220
412.900208	45.696495
413.064392	45.705103
413.228546	45.714349
413.392731	45.725225
413.556885	45.738225
413.721039	45.752114
413.885193	45.767527
414.049316	45.783516
414.213470	45.800742
414.377594	45.819813
414.541718	45.839369
414.705811	45.858852
414.869934	45.877864
415.034027	45.897373
415.198120	45.916292
415.362213	45.937454
415.526276	45.958460
415.690338	45.979491
415.854431	45.997941
416.018463	46.015179
416.182526	46.031007
416.346558	46.045251
416.510620	46.057522
416.674622	46.067850
416.838654	46.076733
417.002686	46.084752
417.166687	46.092608
417.330688	46.098127
417.494690	46.103470
417.658661	46.106487
417.822662	46.109185
417.986633	46.111158
418.150604	46.114110
418.314545	46.116036
418.478516	46.118354
418.642456	46.121205
418.806396	46.124346
418.970337	46.127956
419.134247	46.134037
419.298187	46.141451
419.462097	46.150657
419.625977	46.160325
419.789886	46.171358
419.953766	46.184041
420.117676	46.197343
420.281555	46.211545
420.445404	46.226504
420.609283	46.242204
420.773132	46.258050
420.936981	46.274066
421.100830	46.291322
421.264648	46.309465
421.428497	46.327095
421.592316	46.344901
421.756134	46.361859
421.919922	46.375892
422.083740	46.390267
422.247528	46.401977
422.411316	46.412387
422.575104	46.421180
422.738861	46.428259
422.902618	46.435359
423.066406	46.441436
423.230133	46.447500
423.393890	46.454222
423.557617	46.460289
423.721344	46.465660
423.885071	46.472808
424.048798	46.479501
424.212524	46.487280
424.376221	46.494960
424.539917	46.502483
424.703583	46.510107
424.867279	46.518161
425.030945	46.526109
425.194611	46.536672
425.358276	46.547032
425.521942	46.559298
425.685577	46.572842
425.849213	46.586586
426.012848	46.599229
426.176483	46.613284
426.340118	46.628044
426.503723	46.642190
426.667328	46.655302
426.830933	46.667823
426.994507	46.680622
427.158112	46.691942
427.321686	46.702614
427.485229	46.711728
427.648804	46.717971
427.812378	46.723113
427.975922	46.727602
428.139465	46.730044
428.302979	46.732461
428.466522	46.734458
428.630035	46.735456
428.793549	46.736765
428.957062	46.737467
429.120575	46.737514
429.284058	46.740070
429.447540	46.742316
429.611023	46.745943
429.774506	46.750481
429.937958	46.755591
430.101410	46.763278
430.264862	46.771114
430.428314	46.778066
430.591736	46.786399
430.755188	46.795373
430.918610	46.805309
431.082031	46.816262
431.245422	46.828203
431.408813	46.842573
431.572235	46.857840
431.735596	46.873146
431.898987	46.889780
432.062378	46.906695
432.225739	46.922791
432.389099	46.939722
432.552429	46.956277
432.715790	46.971566
432.879120	46.985578
433.042450	46.998335
433.205780	47.011073
433.369110	47.021907
433.532410	47.030879
433.695709	47.040987
433.859009	47.050416
434.022308	47.058265
434.185577	47.067545
434.348846	47.076146
434.512115	47.084218
434.675385	47.091928
434.838654	47.099410
435.001892	47.106759
435.165131	47.113316
435.328369	47.120318
435.491577	47.128315
435.654816	47.137721
435.818024	47.146364
435.981232	47.156618
436.144409	47.165914
436.307617	47.174746
436.470795	47.183392
436.633972	47.191623
436.797119	47.200454
436.960297	47.208496
437.123444	47.215657
437.286591	47.223281
437.449738	47.230573
437.612885	47.238069
437.776001	47.245590
437.939117	47.252320
438.102234	47.258674
438.265350	47.265258
438.428436	47.271928
438.591522	47.277468
438.754608	47.282361
438.917694	47.285231
439.080750	47.288721
439.243835	47.292114
439.406891	47.297034
439.569916	47.303014
439.732971	47.308922
439.895996	47.315198
440.059021	47.322987
440.222046	47.331289
440.385071	47.340603
440.548065	47.351487
440.711060	47.361793
440.874054	47.372817
441.037048	47.383666
441.200012	47.395745
441.363007	47.408801
441.525970	47.422777
441.688904	47.436836
441.851868	47.451107
442.014801	47.465831
442.177734	47.481519
442.340668	47.496991
442.503601	47.510673
442.666504	47.523553
442.829407	47.537765
442.992310	47.552395
443.155212	47.565728
443.318085	47.577837
443.480957	47.589351
443.643829	47.599803
443.806702	47.609241
443.969543	47.618212
444.132416	47.627489
444.295258	47.636094
444.458069	47.643509
444.620911	47.650586
444.783722	47.656260
444.946533	47.661463
445.109344	47.667477
445.272156	47.673026
445.434937	47.678585
445.597717	47.684017
445.760498	47.691010
445.923279	47.697770
446.086060	47.703813
446.248810	47.709041
446.411560	47.716114
446.574280	47.723582
446.737030	47.730787
446.899750	47.737598
447.062469	47.744844
447.225189	47.751816
447.387909	47.757966
447.550598	47.764763
447.713287	47.772945
447.875977	47.780902
448.038666	47.789342
448.201324	47.798897
448.363983	47.807729
448.526642	47.816651
448.689301	47.824868
448.851929	47.832703
449.014587	47.840274
449.177216	47.849371
449.339813	47.857511
449.502441	47.865528
449.665039	47.874327
449.827637	47.882952
449.990234	47.891358
450.152832	47.901253
450.315399	47.910432
450.477966	47.921549
450.640533	47.931808
450.803101	47.942465
450.965637	47.952405
451.128174	47.962520
451.290710	47.971631
451.453247	47.980874
451.615784	47.988141
451.778290	47.996317
451.940796	48.005382
452.103302	48.014218
452.265778	48.022329
452.428253	48.030343
452.590729	48.037730
452.753204	48.045055
452.915680	48.051879
453.078125	48.058948
453.240570	48.067038
453.403015	48.074978
453.565460	48.083711
453.727875	48.091454
453.890289	48.100102
454.052704	48.109810
454.215118	48.119286
454.377533	48.128667
454.539917	48.137419
454.702301	48.146047
454.864685	48.156845
455.027039	48.167670
455.189392	48.178136
455.351746	48.189160
455.514099	48.201093
455.676453	48.211863
455.838776	48.223814
456.001099	48.237579
456.163422	48.250451
456.325745	48.262743
456.488037	48.276005
456.650330	48.288353
456.812622	48.301032
456.974915	48.313353
457.137177	48.325172
457.299469	48.336892
457.461731	48.348276
457.623962	48.358594
457.786224	48.371504
457.948456	48.383165
458.110687	48.394983
458.272919	48.405322
458.435150	48.415124
458.597351	48.425929
458.759552	48.436253
458.921753	48.446382
459.083923	48.457029
459.246124	48.467098
459.408295	48.476695
459.570465	48.485852
459.732635	48.492906
459.894775	48.501070
460.056915	48.507858
460.219055	48.515274
460.381195	48.523230
460.543304	48.529554
460.705444	48.536115
460.867554	48.542909
461.029633	48.548523
461.191742	48.554736
461.353821	48.559793
461.515900	48.564788
461.677979	48.568585
461.840057	48.572124
462.002106	48.576694
462.164154	48.582444
462.326202	48.587297
462.488251	48.590368
462.650269	48.594605
462.812286	48.599406
462.974304	48.604384
463.136322	48.608667
463.298309	48.613631
463.460297	48.618545
463.622284	48.624124
463.784271	48.628445
463.946259	48.633310
464.108215	48.638645
464.270172	48.642573
464.432129	48.645705
464.594055	48.649324
464.755981	48.653902
464.917908	48.660069
465.079834	48.665545
465.241760	48.669642
465.403656	48.673189
465.565552	48.675927
465.727448	48.679219
465.889343	48.681825
466.051208	48.684926
466.213074	48.690249
466.374939	48.696141
466.536804	48.702491
466.698639	48.707339
466.860504	48.711199
467.022308	48.716778
467.184143	48.720022
467.345978	48.723388
467.507782	48.728030
467.669586	48.732909
467.831390	48.736867
467.993164	48.739220
468.154938	48.742302
468.316711	48.744612
468.478485	48.745435
468.640259	48.747766
468.802002	48.751603
468.963745	48.756834
469.125488	48.762002
469.287231	48.767127
469.448944	48.771298
469.610657	48.776676
469.772369	48.782324
469.934082	48.789011
470.095764	48.796382
470.257446	48.804660
470.419128	48.814469
470.580811	48.823976
470.742462	48.833638
470.904144	48.843862
471.065796	48.856738
471.227417	48.871718
471.389069	48.886766
471.550690	48.902904
471.712311	48.921649
471.873932	48.938612
472.035522	48.955130
472.197144	48.971186
472.358734	48.988991
472.520294	49.006434
472.681885	49.022349
472.843445	49.034912
473.005005	49.045098
473.166565	49.054652
473.328125	49.062765
473.489655	49.069105
473.651184	49.075453
473.812714	49.081254
473.974243	49.086706
474.135742	49.091462
474.297241	49.094528
474.458740	49.096665
474.620239	49.097981
474.781738	49.100578
474.943207	49.103702
475.104675	49.106296
475.266113	49.108648
475.427582	49.111781
475.589020	49.113122
475.750458	49.114320
475.911896	49.116129
476.073303	49.119347
476.234741	49.123958
476.396149	49.129763
476.557526	49.135818
476.718933	49.141354
476.880310	49.147930
477.041687	49.155149
477.203064	49.164262
477.364441	49.175196
477.525787	49.184679
477.687134	49.194152
477.848480	49.202906
478.009827	49.210584
478.171143	49.217029
478.332458	49.225106
478.493774	49.233058
478.655090	49.240016
478.816376	49.245574
478.977661	49.250747
479.138947	49.256598
479.300232	49.262976
479.461487	49.269876
479.622772	49.276899
479.784027	49.284887
479.945251	49.293759
480.106506	49.303257
480.267731	49.312845
480.428955	49.321144
480.590179	49.328820
480.751373	49.337411
480.912567	49.346502
481.073761	49.356396
481.234955	49.364790
481.396149	49.373654
481.557312	49.382019
481.718475	49.390461
481.879639	49.397560
482.040802	49.405669
482.201935	49.414575
482.363068	49.422370
482.524200	49.429499
482.685303	49.436581
482.846436	49.442406
483.007538	49.448736
483.168640	49.456390
483.329712	49.461334
483.490814	49.467604
483.651886	49.472967
483.812958	49.478207
483.973999	49.485496
484.135071	49.492954
484.296112	49.501166
484.457153	49.509634
484.618195	49.518584
484.779205	49.527285
484.940216	49.535873
485.101227	49.546059
485.262238	49.557040
485.423218	49.568182
485.584229	49.579616
485.745209	49.590331
485.906158	49.600701
486.067139	49.611960
486.228088	49.623241
486.389038	49.634578
486.549988	49.647026
486.710907	49.657960
486.871857	49.669213
487.032776	49.678785
487.193665	49.686623
487.354584	49.693730
487.515472	49.700196
487.676361	49.706856
487.837250	49.712734
487.998138	49.718002
488.158997	49.722518
488.319855	49.726691
488.480713	49.731645
488.641541	49.736752
488.802399	49.743084
488.963226	49.750411
489.124054	49.758817
489.284851	49.767759
489.445679	49.775542
489.606476	49.781721
489.767273	49.788780
489.928040	49.796210
490.088837	49.803899
490.249603	49.811745
490.410370	49.819282
490.571106	49.826019
490.731873	49.832490
490.892609	49.839541
491.053345	49.845559
491.214081	49.851147
491.374786	49.857142
491.535492	49.861541
491.696198	49.863694
491.856903	49.864604
492.017578	49.864375
492.178284	49.865305
492.338959	49.865568
492.499603	49.865782
492.660278	49.865419
492.820923	49.865279
492.981567	49.863933
493.142212	49.862244
493.302826	49.861062
493.463440	49.861141
493.624054	49.862230
493.784668	49.864797
493.945282	49.866808
494.105865	49.870784
494.266449	49.876471
494.427032	49.884155
494.587585	49.893189
494.748169	49.904244
494.908722	49.917477
495.069244	49.930977
495.229797	49.945581
495.390320	49.960536
495.550842	49.975194
495.711365	49.988180
495.871887	50.002215
496.032379	50.015879
496.192871	50.030372
496.353363	50.043528
496.513855	50.054730
496.674316	50.066651
496.834778	50.077054
496.995239	50.087382
497.155670	50.098737
497.316132	50.107635
497.476562	50.115690
497.636993	50.121986
497.797394	50.126671
497.957825	50.130628
498.118225	50.134729
498.278625	50.139398
498.438995	50.143320
498.599396	50.144868
498.759766	50.146579
498.920135	50.148008
499.080475	50.149198
499.240845	50.150202
499.401184	50.151061
499.561523	50.154221
499.721832	50.157487
499.882172	50.161229
500.042480	50.165605
500.202789	50.169349
500.363098	50.174296
500.523376	50.178945
500.683655	50.183218
500.843933	50.186028
501.004211	50.189828
501.164459	50.194524
501.324707	50.196765
501.484955	50.198915
501.645203	50.200286
501.805420	50.201436
501.965668	50.202436
502.125885	50.204863
502.286072	50.206080
502.446289	50.209436
502.606476	50.211268
502.766663	50.213127
502.926849	50.216482
503.087006	50.217308
503.247162	50.219175
503.407318	50.222169
503.567474	50.222965
503.727600	50.225417
503.887756	50.228656
504.047882	50.233915
504.207977	50.239905
504.368103	50.244578
504.528198	50.250741
504.688293	50.256274
504.848389	50.263040
505.008453	50.272050
505.168549	50.281764
505.328613	50.291425
505.488647	50.302079
505.648712	50.312571
505.808746	50.324796
505.968781	50.336541
506.128815	50.349049
506.288818	50.361191
506.448853	50.372644
506.608856	50.383562
506.768829	50.393524
506.928833	50.402041
507.088806	50.408779
507.248779	50.416205
507.408752	50.423582
507.568695	50.431217
507.728668	50.439586
507.888611	50.447955
508.048523	50.456833
508.208466	50.464222
508.368378	50.470457
508.528290	50.476065
508.688202	50.481958
508.848114	50.486398
509.007996	50.490203
509.167877	50.494062
509.327759	50.497074
509.487610	50.502602
509.647461	50.508127
509.807312	50.513241
509.967163	50.520529
510.127014	50.527473
510.286835	50.535232
510.446655	50.541853
510.606476	50.545871
510.766266	50.551208
510.926086	50.553477
511.085876	50.556220
511.245667	50.557857
511.405426	50.559746
511.565186	50.560661
511.724945	50.561381
511.884705	50.561530
512.044434	50.562043
512.204163	50.560910
512.363953	50.559096
512.523621	50.554974
512.683350	50.549442
512.843079	50.543119
513.002747	50.534463
513.162476	50.525392
513.322144	50.517247
513.481812	50.510347
513.641479	50.506521
513.801147	50.504854
513.960815	50.501644
514.120422	50.500677
514.280090	50.500916
514.439697	50.501195
514.599365	50.501746
514.758972	50.504905
514.918579	50.509200
515.078186	50.514537
515.237732	50.520684
515.397339	50.529031
515.556946	50.536388
515.716492	50.548758
515.876038	50.561078
516.035583	50.576017
516.195129	50.593602
516.354675	50.611357
516.514221	50.629845
516.673767	50.648344
516.833252	50.663763
516.992798	50.678914
517.152283	50.694306
517.311768	50.710077
517.471252	50.725755
517.630737	50.741559
517.790222	50.756889
517.949646	50.771236
518.109131	50.784016
518.268555	50.795872
518.427979	50.806033
518.587463	50.817193
518.746887	50.827436
518.906250	50.834095
519.065674	50.841779
519.225098	50.847366
519.384460	50.854352
519.543884	50.861625
519.703247	50.867605
519.862610	50.875109
520.021973	50.881192
520.181335	50.886214
520.340698	50.890871
520.500000	50.894355
520.659363	50.895981
520.818665	50.896062
520.977966	50.895179
521.137329	50.892789
521.296631	50.892193
521.455872	50.892701
521.615173	50.893853
521.774475	50.894796
521.933716	50.900154
522.093018	50.905056
522.252258	50.909835
522.411499	50.915021
522.570740	50.919811
522.729980	50.923345
522.889221	50.928008
523.048401	50.929020
523.207642	50.932937
523.366821	50.938214
523.526001	50.945215
523.685181	50.953278
523.844360	50.961323
524.003540	50.970722
524.162720	50.981787
524.321838	50.993896
524.481018	51.006618
524.640137	51.020963
524.799316	51.036857
524.958435	51.049843
525.117554	51.061952
525.276611	51.076597
525.435730	51.089712
525.594849	51.102666
525.753906	51.113770
525.912964	51.123739
526.072083	51.133681
526.231140	51.143993
526.390198	51.150820
526.549255	51.156155
526.708252	51.160546
526.867310	51.164086
527.026306	51.166497
527.185364	51.168010
527.344360	51.170636
527.503357	51.174234
527.662354	51.175768
527.821350	51.173740
527.980286	51.169371
528.139282	51.168016
528.298218	51.165460
528.457214	51.161522
528.616150	51.159258
528.775085	51.156092
528.934021	51.152449
529.092896	51.149810
529.251831	51.146995
529.410767	51.146777
529.569641	51.146746
529.728516	51.146759
529.887451	51.145233
530.046326	51.143603
530.205200	51.144797
530.364014	51.146426
530.522888	51.147071
530.681702	51.148367
530.840576	51.150845
530.999390	51.153445
531.158203	51.157942
531.317017	51.162578
531.475830	51.166763
531.634644	51.170173
531.793457	51.172064
531.952209	51.175085
532.110962	51.180551
532.269775	51.187391
532.428528	51.195461
532.587280	51.200745
532.746033	51.211117
532.904724	51.220821
533.063477	51.232532
533.222229	51.243468
533.380920	51.254562
533.539612	51.268183
533.698303	51.281290
533.856995	51.293999
534.015686	51.307218
534.174377	51.320137
534.333008	51.334121
534.491699	51.346112
534.650330	51.360338
534.808960	51.373995
534.967651	51.389602
535.126221	51.405299
535.284851	51.420166
535.443481	51.434746
535.602112	51.444763
535.760681	51.456084
535.919250	51.467249
536.077881	51.479214
536.236450	51.489782
536.395020	51.503215
536.553528	51.515530
536.712097	51.528312
536.870667	51.542010
537.029175	51.554175
537.187683	51.565173
537.346191	51.579285
537.504700	51.589508
537.663208	51.599617
537.821716	51.608990
537.980225	51.618260
538.138672	51.627580
538.297180	51.636075
538.455627	51.643757
538.614075	51.651767
538.772522	51.660452
538.930969	51.669561
539.089417	51.674565
539.247803	51.680928
539.406250	51.686677
539.564636	51.691222
539.723083	51.696194
539.881470	51.698744
540.039856	51.699642
540.198242	51.699759
540.356567	51.698306
540.514954	51.698257
540.673279	51.699660
540.831665	51.702279
540.989990	51.701985
541.148315	51.703662
541.306641	51.703079
541.464966	51.703665
541.623291	51.704102
541.781555	51.704153
541.939880	51.708764
542.098145	51.713197
542.256409	51.718205
542.414673	51.722990
542.572937	51.730213
542.731201	51.735129
542.889465	51.743174
543.047668	51.751622
543.205933	51.760720
543.364136	51.771312
543.522339	51.782909
543.680542	51.791702
543.838745	51.799985
543.996948	51.808330
544.155090	51.813943
544.313293	51.819738
544.471436	51.826493
544.629639	51.833315
544.787781	51.841163
544.945923	51.848827
545.104065	51.854425
545.262146	51.860420
545.420288	51.865219
545.578369	51.871093
545.736511	51.875485
545.894592	51.881922
546.052673	51.885025
546.210754	51.885873
546.368835	51.885897
546.526917	51.885322
546.684937	51.885927
546.843018	51.885146
547.001038	51.887781
547.159058	51.890223
547.317078	51.895685
547.475098	51.900250
547.633118	51.903993
547.791138	51.905639
547.949097	51.905025
548.107117	51.903983
548.265076	51.903951
548.423035	51.904030
548.580994	51.904794
548.738953	51.905774
548.896912	51.909315
549.054810	51.913709
549.212769	51.916404
549.370667	51.918640
549.528625	51.921279
549.686523	51.924881
549.844421	51.929528
550.002319	51.933842
550.160156	51.937683
550.318054	51.937741
550.475891	51.941350
550.633789	51.946614
550.791626	51.957207
550.949463	51.970078
551.107300	51.986181
551.265137	52.001867
551.422974	52.017271
551.580750	52.031503
551.738586	52.050300
551.896362	52.067757
552.054138	52.085758
552.211914	52.104523
552.369690	52.124186
552.527466	52.144118
552.685242	52.168160
552.842957	52.194963
553.000671	52.219023
553.158447	52.243554
553.316162	52.261391
553.473877	52.279815
553.631592	52.294641
553.789307	52.305766
553.946960	52.313056
554.104675	52.316882
554.262329	52.319712
554.419983	52.323021
554.577637	52.326791
554.735291	52.329383
554.892944	52.328855
555.050598	52.327558
555.208252	52.323200
555.365845	52.315741
555.523438	52.305523
555.681030	52.296896
555.838684	52.286578
555.996216	52.274681
556.153809	52.261128
556.311401	52.245925
556.468994	52.230150
556.626526	52.215177
556.784058	52.203186
556.941589	52.194915
557.099121	52.188113
557.256653	52.184972
557.414185	52.176620
557.571716	52.169049
557.729187	52.162276
557.886719	52.158503
558.044189	52.154376
558.201660	52.148745
558.359131	52.144251
558.516602	52.142648
558.674011	52.147557
558.831482	52.154996
558.988892	52.161545
559.146362	52.163495
559.303772	52.171130
559.461182	52.181722
559.618591	52.197819
559.776001	52.215467
559.933350	52.231675
560.090759	52.245254
560.248108	52.257967
560.405518	52.272324
560.562866	52.295359
560.720215	52.318952
560.877563	52.340252
561.034851	52.362570
561.192200	52.387252
561.349548	52.410237
561.506836	52.428277
561.664124	52.444440
561.821411	52.458107
561.978699	52.475501
562.135986	52.493108
562.293274	52.510376
562.450500	52.529499
562.607788	52.548109
562.765015	52.570094
562.922241	52.593877
563.079468	52.614693
563.236694	52.637022
563.393921	52.654127
563.551147	52.665409
563.708313	52.673744
563.865540	52.682746
564.022705	52.690042
564.179871	52.696913
564.337036	52.700438
564.494202	52.709907
564.651367	52.721673
564.808472	52.736688
564.965637	52.748399
565.122742	52.757184
565.279846	52.764581
565.436951	52.774126
565.594055	52.774153
565.751160	52.769649
565.908264	52.759752
566.065308	52.747575
566.222412	52.737750
566.379456	52.729327
566.536499	52.721581
566.693542	52.717368
566.850586	52.709056
567.007629	52.701587
567.164673	52.695980
567.321655	52.687993
567.478699	52.679044
567.635681	52.672151
567.792664	52.671363
567.949646	52.670946
568.106628	52.682367
568.263611	52.690250
568.420532	52.701651
568.577515	52.717033
568.734436	52.732265
568.891357	52.752474
569.048279	52.773289
569.205200	52.797155
569.362122	52.828895
569.518982	52.861819
569.675903	52.900688
569.832764	52.940297
569.989685	52.982759
570.146545	53.021254
570.303406	53.059265
570.460266	53.094392
570.617065	53.133572
570.773926	53.167075
570.930786	53.199117
571.087585	53.226678
571.244385	53.246022
571.401184	53.265196
571.557983	53.277424
571.714783	53.288699
571.871582	53.303436
572.028320	53.316939
572.185120	53.331224
572.341858	53.342986
572.498596	53.345640
572.655334	53.342217
572.812073	53.338737
572.968811	53.331195
573.125488	53.324829
573.282227	53.319280
573.438904	53.311930
573.595581	53.304115
573.752258	53.296278
573.908936	53.288526
574.065613	53.276158
574.222290	53.267927
574.378906	53.257760
574.535583	53.249630
574.692200	53.244926
574.848816	53.238409
575.005432	53.235238
575.162048	53.233693
575.318665	53.233228
575.475281	53.236312
575.631836	53.238203
575.788452	53.241529
575.945007	53.236768
576.101562	53.235988
576.258118	53.234713
576.414673	53.235243
576.571167	53.237258
576.727722	53.243473
576.884216	53.245672
577.040771	53.249119
577.197266	53.257691
577.353760	53.262517
577.510254	53.267509
577.666748	53.272120
577.823181	53.278272
577.979675	53.279589
578.136108	53.280152
578.292542	53.281216
578.449036	53.280485
578.605469	53.275264
578.761841	53.270715
578.918274	53.269124
579.074707	53.272368
579.231079	53.276961
579.387451	53.280454
579.543884	53.280661
579.700256	53.282530
579.856628	53.286718
580.012939	53.294510
580.169312	53.304136
580.325684	53.312092
580.481995	53.322684
580.638306	53.333250
580.794617	53.342684
580.950928	53.349855
581.107239	53.359687
581.263550	53.368876
581.419800	53.379137
581.576111	53.391963
581.732361	53.406672
581.888611	53.424642
582.044861	53.441192
582.201111	53.459900
582.357361	53.475328
582.513611	53.492308
582.669800	53.507483
582.826050	53.521218
582.982239	53.529735
583.138428	53.538015
583.294617	53.546645
583.450806	53.552000
583.606995	53.557682
583.763123	53.566071
583.919312	53.575755
584.075439	53.584317
584.231567	53.597142
584.387695	53.608074
584.543823	53.615602
584.699951	53.622960
584.856018	53.629383
585.012146	53.637377
585.168213	53.645290
585.324341	53.652149
585.480408	53.658337
585.636475	53.663698
585.792480	53.674774
585.948547	53.686071
586.104614	53.699811
586.260620	53.710405
586.416626	53.718306
586.572693	53.726692
586.728699	53.732377
586.884705	53.737720
587.040649	53.745769
587.196655	53.756334
587.352600	53.765431
587.508606	53.777871
587.664551	53.791819
587.820496	53.804743
587.976440	53.816225
588.132385	53.824121
588.288330	53.832519
588.444214	53.839606
588.600159	53.846230
588.756042	53.851841
588.911926	53.857305
589.067810	53.863821
589.223694	53.870944
589.379578	53.879475
589.535400	53.885214
589.691284	53.892349
589.847107	53.896593
590.002930	53.898813
590.158752	53.895528
590.314575	53.891785
590.470398	53.888735
590.626221	53.883787
590.781982	53.880204
590.937805	53.875393
591.093567	53.873139
591.249329	53.872381
591.405090	53.871420
591.560852	53.868917
591.716614	53.870431
591.872375	53.873166
592.028076	53.875467
592.183777	53.878257
592.339539	53.880268
592.495239	53.883724
592.650940	53.890703
592.806580	53.900293
592.962280	53.915360
593.117920	53.929842
593.273621	53.947192
593.429260	53.965126
593.584900	53.980614
593.740540	53.992995
593.896179	54.005101
594.051819	54.015463
594.207397	54.028126
594.363037	54.041794
594.518616	54.053269
594.674194	54.072621
594.829773	54.091542
594.985352	54.110686
595.140930	54.127495
595.296509	54.141558
595.452026	54.153589
595.607605	54.160952
595.763123	54.168389
595.918640	54.174130
596.074158	54.178166
596.229675	54.183817
596.385132	54.188308
596.540649	54.195535
596.696106	54.202401
596.851624	54.212843
597.007080	54.221175
597.162537	54.232889
597.317993	54.241580
597.473389	54.245790
597.628845	54.253661
597.784241	54.257093
597.939697	54.258050
598.095093	54.259569
598.250488	54.259480
598.405884	54.261009
598.561279	54.262135
598.716614	54.265840
598.872009	54.269161
599.027344	54.268602
599.182739	54.267499
599.338074	54.265488
599.493408	54.259723
599.648682	54.249348
599.804016	54.241341
599.959351	54.236037
600.114624	54.230574
600.269958	54.225867
600.425232	54.220002
600.580505	54.218101
600.735779	54.215198
600.890991	54.208557
601.046265	54.202780
601.201477	54.193054
601.356750	54.184369
601.511963	54.172948
601.667175	54.162961
601.822388	54.155630
601.977600	54.152019
602.132812	54.148561
602.287964	54.148489
602.443115	54.149797
602.598328	54.154250
602.753479	54.160989
602.908630	54.168529
603.063782	54.176869
603.218872	54.189142
603.374023	54.201948
603.529114	54.217138
603.684265	54.235303
603.839355	54.252491
603.994446	54.273767
604.149536	54.295617
604.304626	54.318713
604.459656	54.340016
604.614746	54.361560
604.769775	54.384802
604.924805	54.402951
605.079834	54.414045
605.234863	54.433480
605.389893	54.449244
605.544922	54.465114
605.699890	54.482782
605.854919	54.500640
606.009888	54.515157
606.164856	54.526840
606.319824	54.531883
606.474792	54.536293
606.629761	54.541572
606.784668	54.541042
606.939636	54.542712
607.094543	54.545645
607.249451	54.546790
607.404358	54.548163
607.559265	54.551058
607.714172	54.556548
607.869080	54.562875
608.023926	54.573332
608.178772	54.586971
608.333679	54.597722
608.488525	54.610652
608.643372	54.623812
608.798218	54.641398
608.953003	54.657603
609.107849	54.675755
609.262634	54.693953
609.417419	54.714687
609.572266	54.736134
609.726990	54.754713
609.881775	54.773321
610.036560	54.788944
610.191345	54.801908
610.346069	54.816346
610.500793	54.829531
610.655579	54.846712
610.810303	54.860455
610.964966	54.868548
611.119690	54.874550
611.274414	54.884595
611.429077	54.885524
611.583801	54.885039
611.738464	54.878433
611.893127	54.865658
612.047791	54.848002
612.202454	54.831162
612.357056	54.811147
612.511719	54.792957
612.666321	54.771594
612.820923	54.748823
612.975586	54.724608
613.130188	54.703374
613.284729	54.678515
613.439331	54.651285
613.593933	54.623370
613.748474	54.596684
613.903015	54.573552
614.057556	54.556073
614.212097	54.544183
614.366638	54.530919
614.521179	54.526549
614.675720	54.521233
614.830200	54.521019
614.984680	54.520829
615.139221	54.527284
615.293701	54.536321
615.448181	54.549617
615.602600	54.564278
615.757080	54.580108
615.911499	54.599948
616.065979	54.624822
616.220398	54.650548
616.374817	54.678446
616.529236	54.706898
616.683655	54.736182
616.838074	54.759318
616.992432	54.782329
617.146851	54.799826
617.301208	54.814427
617.455566	54.827483
617.609924	54.840023
617.764282	54.851992
617.918579	54.864902
618.072937	54.876893
618.227234	54.886546
618.381592	54.893406
618.535889	54.894132
618.690186	54.893303
618.844482	54.892847
618.998718	54.889997
619.153015	54.889195
619.307312	54.883386
619.461548	54.881091
619.615784	54.880220
619.770020	54.887067
619.924255	54.898435
620.078491	54.911880
620.232666	54.930468
620.386902	54.946925
620.541077	54.960861
620.695251	54.973217
620.849487	54.987379
621.003601	55.000225
621.157776	55.012923
621.311951	55.028094
621.466064	55.042160
621.620239	55.060862
621.774353	55.079928
621.928467	55.098028
622.082581	55.115388
622.236694	55.126899
622.390808	55.139849
622.544861	55.152939
622.698975	55.165544
622.853027	55.173346
623.007080	55.178554
623.161133	55.178966
623.315186	55.180594
623.469238	55.184578
623.623230	55.185896
623.777283	55.187371
623.931274	55.185278
624.085266	55.185726
624.239258	55.188116
624.393250	55.188910
624.547241	55.186506
624.701233	55.187435
624.855164	55.186449
625.009094	55.185985
625.163086	55.188006
625.317017	55.192945
625.470947	55.200758
625.624817	55.206736
625.778748	55.216385
625.932617	55.225429
626.086548	55.231055
626.240417	55.238505
626.394287	55.243110
626.548157	55.245591
626.702026	55.251231
626.855896	55.252831
627.009705	55.256394
627.163574	55.256208
627.317383	55.255471
627.471191	55.256180
627.625000	55.260277
627.778809	55.259186
627.932556	55.257917
628.086365	55.258142
628.240112	55.259285
628.393921	55.262361
628.547668	55.264220
628.701416	55.264132
628.855164	55.260651
629.008850	55.257208
629.162598	55.254733
629.316284	55.253405
629.470032	55.252985
629.623718	55.253169
629.777405	55.255097
629.931091	55.257839
630.084778	55.263649
630.238403	55.265647
630.392090	55.266020
630.545715	55.265270
630.699341	55.266356
630.852966	55.266917
631.006592	55.268280
631.160217	55.269067
631.313843	55.269114
631.467407	55.266175
631.620972	55.261778
631.774597	55.258241
631.928162	55.251569
632.081726	55.244494
632.235229	55.238756
632.388794	55.233049
632.542358	55.226274
632.695862	55.220404
632.849365	55.214896
633.002869	55.213265
633.156372	55.210704
633.309875	55.213243
633.463379	55.221558
633.616821	55.230553
633.770325	55.239741
633.923767	55.252881
634.077209	55.267451
634.230652	55.284765
634.384094	55.301491
634.537537	55.319476
634.690918	55.337841
634.844299	55.357594
634.997742	55.379211
635.151123	55.405681
635.304504	55.434769
635.457886	55.463409
635.611206	55.492541
635.764587	55.519338
635.917908	55.546215
636.071289	55.574049
636.224609	55.598714
636.377930	55.625150
636.531250	55.647112
636.684570	55.666430
636.837830	55.680015
636.991150	55.689543
637.144409	55.701755
637.297668	55.711354
637.450928	55.718070
637.604187	55.723887
637.757446	55.730240
637.910645	55.732856
638.063904	55.735525
638.217102	55.732909
638.370300	55.729609
638.523499	55.724530
638.676697	55.719557
638.829895	55.712446
638.983093	55.702675
639.136230	55.689025
639.289429	55.674533
639.442566	55.660385
639.595703	55.646398
639.748840	55.635821
639.901978	55.627903
640.055054	55.621009
640.208191	55.610624
640.361267	55.596017
640.514343	55.585815
640.667419	55.574658
640.820496	55.565771
640.973572	55.559824
641.126648	55.560580
641.279663	55.558527
641.432739	55.561279
641.585754	55.568682
641.738770	55.579237
641.891785	55.596486
642.044800	55.616990
642.197754	55.640679
642.350769	55.670049
642.503723	55.696567
642.656738	55.725051
642.809692	55.753320
642.962646	55.786877
643.115540	55.827438
643.268494	55.867546
643.421448	55.910227
643.574341	55.949989
643.727234	55.989088
643.880127	56.023412
644.033020	56.058075
644.185913	56.087702
644.338806	56.116957
644.491699	56.142198
644.644531	56.164424
644.797363	56.181307
644.950195	56.193499
645.103027	56.202474
645.255859	56.210371
645.408691	56.214314
645.561462	56.217533
645.714294	56.218192
645.867065	56.212276
646.019836	56.200820
646.172607	56.181765
646.325378	56.162233
646.478149	56.145115
646.630859	56.125934
646.783630	56.108145
646.936340	56.093847
647.089050	56.081471
647.241760	56.067349
647.394470	56.058701
647.547180	56.049117
647.699829	56.037758
647.852539	56.027263
648.005188	56.018110
648.157837	56.009880
648.310486	56.000316
648.463135	55.992519
648.615784	55.985600
648.768433	55.982356
648.921021	55.986628
649.073608	55.995644
649.226257	56.004244
649.378845	56.010878
649.531372	56.016011
649.683960	56.025283
649.836548	56.035544
649.989075	56.043899
650.141663	56.051468
650.294189	56.061632
650.446716	56.070971
650.599243	56.079673
650.751709	56.088947
650.904236	56.100127
651.056702	56.113532
651.209229	56.129891
651.361694	56.145237
651.514160	56.160499
651.666626	56.175884
651.819092	56.189831
651.971497	56.200930
652.123962	56.210889
652.276367	56.223083
652.428772	56.238480
652.581177	56.254506
652.733582	56.269344
652.885986	56.283111
653.038330	56.295460
653.190735	56.305892
653.343079	56.314522
653.495422	56.321520
653.647827	56.327472
653.800110	56.334375
653.952454	56.339209
654.104797	56.342580
654.257080	56.343691
654.409424	56.347509
654.561707	56.347685
654.713989	56.348665
654.866272	56.345103
655.018555	56.340505
655.170776	56.330376
655.323059	56.315853
655.475281	56.299792
655.627502	56.281336
655.779724	56.261348
655.931946	56.238600
656.084167	56.218048
656.236328	56.196180
656.388550	56.172935
656.540710	56.151876
656.692871	56.132652
656.845093	56.111422
656.997192	56.091997
657.149353	56.068768
657.301514	56.043617
657.453613	56.016659
657.605774	55.994831
657.757874	55.972791
657.909973	55.955737
658.062073	55.941848
658.214172	55.928450
658.366211	55.918136
658.518311	55.910751
658.670349	55.904483
658.822388	55.898738
658.974426	55.899856
659.126465	55.899934
659.278503	55.902526
659.430481	55.908144
659.582520	55.911551
659.734497	55.916411
659.886475	55.924694
660.038452	55.933723
660.190430	55.946994
660.342407	55.961672
660.494385	55.976908
660.646301	55.989859
660.798279	56.002058
660.950195	56.011646
661.102112	56.021829
661.254028	56.035426
661.405884	56.053591
661.557800	56.070929
661.709717	56.087548
661.861572	56.104430
662.013428	56.119477
662.165283	56.136037
662.317139	56.151941
662.468994	56.166657
662.620789	56.178681
662.772644	56.187280
662.924438	56.196525
663.076233	56.202154
663.228027	56.207742
663.379822	56.213163
663.531616	56.216948
663.683411	56.218352
663.835144	56.220839
663.986877	56.221175
664.138611	56.217416
664.290344	56.215219
664.442078	56.210225
664.593811	56.203647
664.745544	56.197239
664.897217	56.194321
665.048889	56.185283
665.200623	56.176693
665.352295	56.167395
665.503967	56.158082
665.655579	56.156497
665.807251	56.157042
665.958862	56.157424
666.110535	56.162638
666.262146	56.168045
666.413757	56.175452
666.565369	56.184041
666.716919	56.196641
666.868530	56.213431
667.020081	56.237457
667.171692	56.263836
667.323242	56.287940
667.474792	56.311527
667.626343	56.335136
667.777832	56.361014
667.929382	56.386572
668.080872	56.415278
668.232422	56.439631
668.383911	56.461772
668.535400	56.483328
668.686890	56.502034
668.838318	56.522101
668.989807	56.539034
669.141235	56.552528
669.292725	56.563609
669.444153	56.569715
669.595581	56.576190
669.747009	56.580281
669.898376	56.578497
670.049805	56.571674
670.201172	56.564165
670.352539	56.555631
670.503967	56.546648
670.655273	56.537279
670.806641	56.527399
670.958008	56.510711
671.109375	56.497544
671.260681	56.490426
671.411987	56.489731
671.563293	56.493477
671.714600	56.497086
671.865906	56.500956
672.017212	56.506643
672.168457	56.513739
672.319763	56.525097
672.471008	56.541283
672.622253	56.560940
672.773499	56.582697
672.924744	56.604287
673.075928	56.627168
673.227173	56.651116
673.378357	56.677160
673.529541	56.703146
673.680786	56.728132
673.831909	56.751345
673.983093	56.774974
674.134277	56.793238
674.285400	56.809688
674.436584	56.824859
674.587708	56.835338
674.738831	56.843387
674.889954	56.848096
675.041077	56.851494
675.192139	56.850382
675.343262	56.845168
675.494324	56.837945
675.645386	56.827262
675.796448	56.814780
675.947510	56.803079
676.098572	56.791637
676.249634	56.778373
676.400635	56.762686
676.551636	56.744505
676.702698	56.727818
676.853699	56.713413
677.004639	56.707691
677.155640	56.705168
677.306641	56.701909
677.457581	56.698708
677.608521	56.693610
677.759521	56.691422
677.910461	56.692462
678.061401	56.695985
678.212280	56.703746
678.363220	56.710959
678.514099	56.718978
678.664978	56.726800
678.815918	56.738620
678.966797	56.750813
679.117615	56.762843
679.268494	56.774619
679.419373	56.787433
679.570190	56.800863
679.721008	56.816558
679.871826	56.831641
680.022644	56.842175
680.173462	56.852628
680.324280	56.862489
680.475037	56.869054
680.625854	56.881273
680.776611	56.893721
680.927368	56.904301
681.078125	56.910552
681.228882	56.917933
681.379639	56.927715
681.530334	56.938351
681.681030	56.949279
681.831787	56.956891
681.982483	56.962919
682.133179	56.965853
682.283813	56.967876
682.434509	56.969186
682.585205	56.972567
682.735840	56.976345
682.886475	56.978976
683.037109	56.979632
683.187744	56.980841
683.338379	56.981065
683.488953	56.979043
683.639587	56.976893
683.790161	56.970858
683.940735	56.966847
684.091309	56.966067
684.241882	56.963525
684.392456	56.959901
684.543030	56.956641
684.693542	56.952808
684.844055	56.947659
684.994568	56.942278
685.145081	56.941558
685.295593	56.944133
685.446106	56.948648
685.596619	56.954494
685.747070	56.955539
685.897522	56.955981
686.047974	56.956879
686.198425	56.957010
686.348877	56.960513
686.499329	56.967913
686.649719	56.970755
686.800171	56.975061
686.950562	56.975218
687.100952	56.976443
687.251343	56.979777
687.401733	56.982661
687.552124	56.983102
687.702454	56.980378
687.852783	56.977100
688.003174	56.975203
688.153503	56.972287
688.303833	56.968940
688.454102	56.964263
688.604431	56.958855
688.754700	56.954137
688.905029	56.950699
689.055298	56.950172
689.205566	56.951129
689.355835	56.951658
689.506104	56.954293
689.656311	56.962269
689.806580	56.972762
689.956787	56.985135
690.106995	56.995220
690.257202	57.005198
690.407410	57.016291
690.557617	57.027439
690.707764	57.043127
690.857971	57.060375
691.008118	57.080642
691.158264	57.099874
691.308411	57.117046
691.458557	57.132445
691.608704	57.145015
691.758789	57.159588
691.908936	57.174454
692.059021	57.187146
692.209106	57.194714
692.359192	57.198537
692.509277	57.198196
692.659302	57.195655
692.809387	57.191018
692.959412	57.187014
693.109436	57.181623
693.259460	57.174705
693.409485	57.165389
693.559509	57.155547
693.709534	57.143271
693.859497	57.131488
694.009521	57.114467
694.159485	57.094967
694.309448	57.074150
694.459412	57.055792
694.609314	57.041215
694.759277	57.028610
694.909180	57.017185
695.059143	57.007102
695.209045	56.998908
695.358948	56.994519
695.508850	56.991492
695.658691	56.986815
695.808594	56.980200
695.958435	56.973478
696.108337	56.970540
696.258179	56.968049
696.408020	56.968842
696.557800	56.973174
696.707642	56.981137
696.857483	56.989733
697.007263	57.003670
697.157043	57.019633
697.306824	57.037871
697.456604	57.058974
697.606384	57.078847
697.756165	57.097606
697.905884	57.113695
698.055603	57.129945
698.205383	57.148612
698.355103	57.164145
698.504822	57.183035
698.654480	57.201428
698.804199	57.221119
698.953857	57.240952
699.103577	57.258264
699.253235	57.273929
699.402893	57.287554
699.552551	57.297463
699.702148	57.304959
699.851807	57.309332
700.001404	57.311773
700.151062	57.315313
700.300659	57.320685
700.450256	57.323065
700.599792	57.324779
700.749390	57.324670
700.898987	57.323021
701.048523	57.319223
701.198059	57.313057
701.347595	57.308362
701.497131	57.302180
701.646667	57.297494
701.796204	57.296383
701.945679	57.297152
702.095154	57.295623
702.244690	57.296187
702.394165	57.297875
702.543640	57.300957
702.693054	57.304093
702.842529	57.309481
702.991943	57.314666
703.141418	57.318439
703.290833	57.323462
703.440247	57.327313
703.589661	57.333986
703.739014	57.341932
703.888428	57.352850
704.037781	57.362982
704.187134	57.375066
704.336487	57.391428
704.485840	57.406180
704.635193	57.422950
704.784546	57.436569
704.933838	57.446409
705.083191	57.459948
705.232483	57.471722
705.381775	57.483598
705.531067	57.492850
705.680359	57.505859
705.829590	57.518395
705.978882	57.531219
706.128113	57.544501
706.277344	57.554553
706.426575	57.562954
706.575806	57.565413
706.725037	57.566538
706.874207	57.567268
707.023438	57.568199
707.172607	57.570469
707.321777	57.568969
707.470947	57.566242
707.620117	57.557923
707.769287	57.549011
707.918396	57.538817
708.067505	57.528528
708.216675	57.518557
708.365784	57.506461
708.514893	57.496298
708.663940	57.483581
708.813049	57.472509
708.962097	57.457889
709.111206	57.445898
709.260254	57.433302
709.409302	57.426439
709.558350	57.421215
709.707397	57.414626
709.856384	57.408251
710.005432	57.404945
710.154419	57.404467
710.303406	57.402276
710.452393	57.402237
710.601379	57.402067
710.750305	57.403750
710.899292	57.409173
711.048218	57.415828
711.197205	57.424263
711.346130	57.434888
711.495056	57.450085
711.643921	57.459930
711.792847	57.469915
711.941711	57.481362
712.090637	57.490592
712.239502	57.499302
712.388367	57.503205
712.537231	57.511966
712.686096	57.522897
712.834900	57.534413
712.983765	57.547216
713.132568	57.554217
713.281372	57.561324
713.430176	57.565182
713.578979	57.571284
713.727722	57.576266
713.876526	57.580964
714.025269	57.582603
714.174072	57.584209
714.322815	57.587324
714.471558	57.588208
714.620239	57.593924
714.768982	57.596175
714.917664	57.601672
715.066406	57.607454
715.215088	57.616180
715.363770	57.624153
715.512451	57.630136
715.661072	57.640047
715.809753	57.647726
715.958374	57.652977
716.107056	57.657258
716.255676	57.662834
716.404297	57.669223
716.552917	57.678707
716.701477	57.688916
716.850098	57.699255
716.998657	57.710426
717.147217	57.720998
717.295776	57.728744
717.444336	57.733655
717.592896	57.740747
717.741455	57.749457
717.889954	57.755883
718.038513	57.763202
718.187012	57.766227
718.335510	57.773849
718.484009	57.778266
718.632446	57.778108
718.780945	57.778336
718.929382	57.776179
719.077881	57.774491
719.226318	57.770544
719.374756	57.768861
719.523132	57.764992
719.671570	57.763393
719.820007	57.760576
719.968384	57.760384
720.116760	57.759032
720.265137	57.756996
720.413513	57.754824
720.561890	57.749412
720.710205	57.745079
720.858582	57.740984
721.006897	57.735573
721.155212	57.731500
721.303528	57.725727
721.451843	57.722925
721.600159	57.717188
721.748413	57.716376
721.896729	57.717569
722.044983	57.721394
722.193237	57.728197
722.341492	57.735259
722.489746	57.743924
722.637939	57.749240
722.786194	57.756539
722.934387	57.763915
723.082581	57.772381
723.230774	57.782907
723.378967	57.795425
723.527161	57.809042
723.675354	57.822578
723.823486	57.837520
723.971619	57.850461
724.119751	57.865860
724.267883	57.880844
724.416016	57.895909
724.564148	57.915694
724.712219	57.932226
724.860352	57.948274
725.008423	57.964142
725.156494	57.980054
725.304565	57.995400
725.452637	58.011463
725.600647	58.026112
725.748718	58.039779
725.896729	58.050785
726.044739	58.061134
726.192749	58.069787
726.340759	58.076162
726.488770	58.081305
726.636719	58.086518
726.784729	58.090361
726.932678	58.095691
727.080627	58.101218
727.228577	58.106759
727.376526	58.109797
727.524414	58.112982
727.672363	58.113430
727.820251	58.113790
727.968140	58.111691
728.116028	58.108907
728.263916	58.105645
728.411804	58.098296
728.559631	58.093911
728.707520	58.088191
728.855347	58.081747
729.003174	58.074149
729.151001	58.068827
729.298828	58.064612
729.446594	58.062055
729.594421	58.058627
729.742188	58.054137
729.890015	58.049318
730.037781	58.042868
730.185486	58.035801
730.333252	58.030221
730.481018	58.022906
730.628723	58.018678
730.776428	58.014153
730.924194	58.011388
731.071899	58.008938
731.219543	58.005502
731.367249	58.004343
731.514954	58.001422
731.662598	57.998778
731.810242	57.995918
731.957886	57.993009
732.105530	57.988128
732.253174	57.984888
732.400818	57.981068
732.548401	57.978372
732.695984	57.976326
732.843567	57.976225
732.991150	57.975336
733.138733	57.975239
733.286316	57.975943
733.433838	57.977918
733.581421	57.978200
733.728943	57.981520
733.876465	57.985607
734.023987	57.990132
734.171509	57.996238
734.318970	58.003058
734.466492	58.011081
734.613953	58.020579
734.761414	58.032401
734.908875	58.048053
735.056335	58.063995
735.203796	58.080794
735.351196	58.096938
735.498657	58.111886
735.646057	58.128687
735.793457	58.145473
735.940857	58.164555
736.088257	58.183960
736.235657	58.204363
736.382996	58.224141
736.530334	58.243734
736.677734	58.262257
736.825073	58.280734
736.972351	58.297997
737.119690	58.314491
737.267029	58.328707
737.414307	58.342118
737.561584	58.353294
737.708862	58.363188
737.856140	58.369558
738.003418	58.377219
738.150696	58.383087
738.297913	58.390055
738.445190	58.396538
738.592407	58.400050
738.739624	58.401453
738.886841	58.401673
739.033997	58.400969
739.181213	58.398653
739.328369	58.394928
739.475586	58.392399
739.622742	58.387629
739.769897	58.382002
739.916992	58.376580
740.064148	58.369839
740.211304	58.362720
740.358398	58.354928
740.505493	58.348885
740.652588	58.342641
740.799683	58.337075
740.946777	58.330986
741.093811	58.323590
741.240906	58.315551
741.387939	58.310189
741.534973	58.306363
741.682007	58.304001
741.829041	58.301873
741.976013	58.301335
742.123047	58.300251
742.270020	58.300157
742.416992	58.299482
742.563965	58.299473
742.710938	58.299438
742.857910	58.300397
743.004883	58.304045
743.151794	58.309609
743.298706	58.316829
743.445618	58.325415
743.592529	58.334476
743.739441	58.344964
743.886353	58.354383
744.033203	58.365079
744.180115	58.375649
744.326965	58.383611
744.473816	58.393011
744.620667	58.401251
744.767456	58.409164
744.914307	58.415987
745.061096	58.422187
745.207947	58.428506
745.354736	58.434793
745.501526	58.441557
745.648254	58.448072
745.795044	58.450526
745.941833	58.449718
746.088562	58.447092
746.235291	58.444197
746.382019	58.437182
746.528748	58.427838
746.675476	58.416229
746.822144	58.403469
746.968872	58.391120
747.115540	58.378369
747.262207	58.365976
747.408875	58.351932
747.555542	58.338281
747.702148	58.324726
747.848816	58.311042
747.995422	58.299374
748.142029	58.289130
748.288635	58.280531
748.435242	58.274699
748.581848	58.269892
748.728394	58.269458
748.875000	58.270685
749.021545	58.273440
749.168091	58.276558
749.314636	58.282106
749.461182	58.291885
749.607666	58.303639
749.754211	58.318575
749.900696	58.334292
750.047180	58.351192
750.193665	58.369983
750.340149	58.390244
750.486633	58.411356
750.633057	58.434136
750.779541	58.456660
750.925964	58.479514
751.072388	58.500888
751.218811	58.519809
751.365234	58.536021
751.511597	58.549363
751.658020	58.560952
751.804382	58.573340
751.950745	58.584373
752.097107	58.593085
752.243469	58.601027
752.389832	58.606965
752.536133	58.612058
752.682495	58.616418
752.828796	58.618801
752.975098	58.620920
753.121399	58.622322
753.267639	58.622543
753.413940	58.622491
753.560181	58.620385
753.706482	58.618648
753.852722	58.614878
753.998962	58.609750
754.145203	58.606024
754.291382	58.601273
754.437622	58.598537
754.583801	58.595677
754.729980	58.591397
754.876160	58.588590
755.022339	58.586705
755.168518	58.584827
755.314697	58.582795
755.460815	58.579781
755.606934	58.576949
755.753052	58.575217
755.899170	58.574168
756.045288	58.572827
756.191406	58.570851
756.337463	58.569748
756.483521	58.568963
756.629639	58.568801
756.775696	58.571106
756.921692	58.574963
757.067749	58.580172
757.213806	58.587772
757.359802	58.597180
757.505798	58.609008
757.651794	58.619700
757.797791	58.629871
757.943787	58.640542
758.089783	58.650698
758.235718	58.661440
758.381653	58.672598
758.527588	58.683406
758.673523	58.694654
758.819458	58.704288
758.965393	58.712183
759.111267	58.721114
759.257202	58.728952
759.403076	58.736690
759.548950	58.742778
759.694824	58.746699
759.840698	58.750543
759.986511	58.751308
760.132385	58.749452
760.278198	58.746022
760.424011	58.738697
760.569824	58.732311
760.715637	58.726606
760.861389	58.722528
761.007202	58.719681
761.152954	58.717399
761.298706	58.717401
761.444458	58.716950
761.590210	58.717340
761.735962	58.718581
761.881653	58.721689
762.027405	58.725841
762.173096	58.730871
762.318787	58.738070
762.464478	58.747688
762.610168	58.757027
762.755798	58.768402
762.901489	58.782087
763.047119	58.796348
763.192749	58.809331
763.338379	58.822114
763.484009	58.835789
763.629639	58.848342
763.775208	58.859320
763.920837	58.869250
764.066406	58.878435
764.211975	58.886064
764.357544	58.891720
764.503052	58.894506
764.648621	58.897708
764.794128	58.901051
764.939697	58.902446
765.085205	58.902048
765.230713	58.898646
765.376221	58.892905
765.521667	58.887180
765.667175	58.877681
765.812622	58.867463
765.958069	58.857603
766.103516	58.847696
766.248962	58.839969
766.394409	58.833054
766.539795	58.827819
766.685181	58.823501
766.830627	58.821628
766.976013	58.820560
767.121399	58.819409
767.266724	58.821192
767.412109	58.823134
767.557434	58.825358
767.702820	58.827695
767.848145	58.831383
767.993469	58.835954
768.138733	58.841478
768.284058	58.847825
768.429382	58.855030
768.574646	58.864438
768.719910	58.874386
768.865173	58.883907
769.010437	58.895866
769.155701	58.908785
769.300903	58.921573
769.446167	58.934895
769.591370	58.947818
769.736572	58.959157
769.881775	58.969426
770.026978	58.978296
770.172119	58.987752
770.317322	58.997449
770.462463	59.006330
770.607605	59.014096
770.752747	59.019223
770.897888	59.023781
771.042969	59.028124
771.188110	59.032540
771.333191	59.035016
771.478271	59.037227
771.623352	59.037250
771.768433	59.037996
771.913513	59.037172
772.058533	59.036834
772.203613	59.036992
772.348633	59.034605
772.493652	59.030912
772.638672	59.027550
772.783691	59.024258
772.928650	59.022754
773.073669	59.019925
773.218628	59.019314
773.363586	59.018501
773.508545	59.018381
773.653503	59.018985
773.798462	59.021333
773.943359	59.023976
774.088257	59.027325
774.233215	59.034848
774.378113	59.041394
774.522949	59.049630
774.667847	59.059071
774.812744	59.068249
774.957581	59.075404
775.102417	59.081750
775.247253	59.087147
775.392090	59.092481
775.536926	59.097959
775.681763	59.102675
775.826538	59.106656
775.971313	59.109408
776.116089	59.111880
776.260864	59.114663
776.405640	59.115845
776.550415	59.120162
776.695129	59.121933
776.839905	59.124412
776.984619	59.125299
777.129333	59.124381
777.274048	59.123825
777.418701	59.124430
777.563416	59.124411
777.708069	59.125986
777.852722	59.128401
777.997375	59.130792
778.142029	59.135866
778.286682	59.144250
778.431335	59.152307
778.575928	59.161558
778.720520	59.171709
778.865112	59.184109
779.009705	59.196928
779.154297	59.209609
779.298889	59.223906
779.443420	59.237171
779.588013	59.252838
779.732544	59.267486
779.877075	59.282745
780.021606	59.296346
780.166077	59.309392
780.310608	59.320650
780.455078	59.331936
780.599548	59.341809
780.744019	59.352399
780.888489	59.362772
781.032959	59.373387
781.177429	59.381139
781.321838	59.388368
781.466248	59.396066
781.610657	59.403622
781.755066	59.409795
781.899475	59.414991
782.043884	59.420267
782.188232	59.426494
782.332581	59.428705
782.476929	59.431301
782.621277	59.432787
782.765625	59.433241
782.909973	59.432808
783.054260	59.432720
783.198608	59.433009
783.342896	59.431892
783.487183	59.431077
783.631470	59.428472
783.775696	59.426174
783.919983	59.421630
784.064209	59.416820
784.208435	59.413620
784.352722	59.409883
784.496887	59.404971
784.641113	59.399213
784.785339	59.390396
784.929504	59.382196
785.073669	59.370975
785.217896	59.360341
785.362000	59.347435
785.506165	59.335912
785.650330	59.325876
785.794434	59.316752
785.938599	59.309380
786.082703	59.301745
786.226807	59.294915
786.370911	59.288407
786.514954	59.282614
786.659058	59.276461
786.803101	59.272714
786.947144	59.270175
787.091187	59.267756
787.235229	59.264799
787.379272	59.262169
787.523254	59.262501
787.667297	59.263870
787.811279	59.262616
787.955261	59.262683
788.099243	59.266539
788.243225	59.270970
788.387146	59.275172
788.531128	59.279250
788.675049	59.286204
788.818970	59.294055
788.962891	59.301848
789.106812	59.309430
789.250671	59.315906
789.394592	59.323059
789.538452	59.328677
789.682312	59.335652
789.826172	59.344169
789.970032	59.350193
790.113892	59.355645
790.257690	59.360794
790.401550	59.364234
790.545349	59.369749
790.689148	59.375867
790.832947	59.382871
790.976685	59.389469
791.120483	59.394787
791.264221	59.398917
791.408020	59.400990
791.551758	59.401614
791.695435	59.399168
791.839172	59.397593
791.982910	59.396374
792.126587	59.395867
792.270264	59.394532
792.414001	59.395087
792.557617	59.393255
792.701294	59.390848
792.844971	59.389569
792.988586	59.388566
793.132263	59.389104
793.275879	59.388274
793.419495	59.387475
793.563110	59.388892
793.706665	59.391338
793.850281	59.393074
793.993835	59.396432
794.137390	59.399906
794.280945	59.407532
794.424500	59.415459
794.568054	59.422951
794.711548	59.430242
794.855103	59.438114
794.998596	59.446126
795.142090	59.453855
795.285583	59.462206
795.429016	59.471166
795.572510	59.477198
795.715942	59.483497
795.859436	59.489307
796.002869	59.495869
796.146301	59.503012
796.289673	59.510056
796.433105	59.515229
796.576477	59.518180
796.719910	59.520520
796.863281	59.523436
797.006653	59.527509
797.149963	59.527842
797.293335	59.525619
797.436707	59.525845
797.580017	59.525163
797.723328	59.521968
797.866638	59.519260
798.009949	59.519743
798.153198	59.518348
798.296509	59.515982
798.439758	59.515316
798.583008	59.513511
798.726257	59.512338
798.869507	59.509295
799.012756	59.508121
799.156006	59.506837
799.299194	59.508451
799.442383	59.508934
799.585571	59.510008
799.728760	59.511709
799.871948	59.515240
800.015076	59.519399
800.158264	59.524101
800.301392	59.528673
800.444519	59.534261
800.587646	59.539769
800.730774	59.546141
800.873840	59.548128
801.016968	59.551771
801.160034	59.553292
801.303101	59.554745
801.446167	59.556192
801.589233	59.558735
801.732239	59.560161
801.875305	59.561281
802.018311	59.558834
802.161316	59.554131
802.304321	59.550830
802.447327	59.545596
802.590332	59.535591
802.733276	59.521165
802.876282	59.508633
803.019226	59.498129
803.162170	59.485093
803.305115	59.473099
803.447998	59.466035
803.590942	59.457207
803.733826	59.447685
803.876709	59.440674
804.019592	59.438054
804.162476	59.435985
804.305359	59.436485
804.448181	59.437129
804.591064	59.441361
804.733887	59.443946
804.876709	59.452490
805.019531	59.461758
805.162354	59.473661
805.305115	59.487883
805.447937	59.504697
805.590698	59.524427
805.733459	59.544906
805.876221	59.564323
806.018982	59.585541
806.161682	59.606459
806.304443	59.625939
806.447144	59.644819
806.589844	59.666482
806.732544	59.685963
806.875244	59.704401
807.017883	59.720741
807.160583	59.737060
807.303223	59.750579
807.445862	59.760631
807.588501	59.769123
807.731140	59.775147
807.873779	59.781225
808.016357	59.782770
808.158936	59.782937
808.301575	59.785016
808.444153	59.787669
808.586670	59.790092
808.729248	59.793049
808.871826	59.797632
809.014343	59.800207
809.156860	59.799237
809.299377	59.800772
809.441895	59.804083
809.584412	59.803980
809.726868	59.802644
809.869385	59.801175
810.011841	59.796952
810.154297	59.796716
810.296753	59.796680
810.439148	59.799433
810.581604	59.802999
810.723999	59.808174
810.866455	59.814226
811.008850	59.821682
811.151184	59.829733
811.293579	59.838726
811.435974	59.846881
811.578308	59.857996
811.720642	59.869186
811.863037	59.879111
812.005310	59.891520
812.147644	59.902564
812.289978	59.913266
812.432251	59.925453
812.574524	59.936449
812.716858	59.948486
812.859070	59.959488
813.001343	59.969129
813.143616	59.978974
813.285828	59.986885
813.428101	59.993593
813.570312	59.996757
813.712524	60.000859
813.854675	60.002365
813.996887	60.000905
814.139099	59.996650
814.281250	59.990012
814.423401	59.979453
814.565552	59.965210
814.707703	59.955344
814.849792	59.944298
814.991943	59.932037
815.134033	59.917338
815.276123	59.904508
815.418213	59.891055
815.560303	59.878747
815.702393	59.868467
815.844421	59.856941
815.986511	59.846912
816.128540	59.838749
816.270569	59.829501
816.412598	59.819836
816.554565	59.813073
816.696594	59.810199
816.838562	59.809527
816.980591	59.809985
817.122559	59.811542
817.264465	59.813427
817.406433	59.814505
817.548401	59.814132
817.690308	59.812825
817.832214	59.811604
817.974121	59.809514
818.116028	59.805550
818.257935	59.803916
818.399780	59.801043
818.541687	59.797649
818.683533	59.793554
818.825378	59.788794
818.967224	59.784058
819.109070	59.778478
819.250854	59.773443
819.392700	59.765378
819.534485	59.756457
819.676270	59.746695
819.818054	59.737351
819.959839	59.729483
820.101562	59.722645
820.243347	59.720453
820.385071	59.715353
820.526794	59.713204
820.668518	59.712777
820.810242	59.713475
820.951904	59.715484
821.093628	59.720890
821.235291	59.728476
821.376953	59.738098
821.518616	59.749635
821.660278	59.761244
821.801880	59.776855
821.943542	59.797145
822.085144	59.820483
822.226746	59.843381
822.368347	59.864727
822.509949	59.887262
822.651550	59.910358
822.793091	59.933550
822.934631	59.955328
823.076233	59.977318
823.217773	60.002811
823.359253	60.027724
823.500793	60.052931
823.642273	60.079827
823.783813	60.104638
823.925293	60.125599
824.066772	60.145121
824.208252	60.162050
824.349670	60.179204
824.491150	60.194760
824.632568	60.205367
824.773987	60.212809
824.915405	60.218637
825.056824	60.224134
825.198242	60.229065
825.339600	60.231599
825.481018	60.233774
825.622375	60.234727
825.763733	60.235880
825.905029	60.235618
826.046387	60.233404
826.187744	60.230766
826.329041	60.228212
826.470337	60.225573
826.611633	60.224963
826.752930	60.221598
826.894226	60.217763
827.035461	60.213945
827.176758	60.208599
827.317993	60.205562
827.459229	60.200844
827.600464	60.194596
827.741638	60.187414
827.882874	60.182708
828.024048	60.180056
828.165222	60.178208
828.306396	60.175050
828.447571	60.171879
828.588745	60.169010
828.729858	60.165302
828.871033	60.161195
829.012146	60.154412
829.153259	60.145627
829.294373	60.132427
829.435486	60.119614
829.576538	60.109110
829.717590	60.099239
829.858704	60.091776
829.999756	60.084133
830.140808	60.076099
830.281799	60.069572
830.422852	60.065076
830.563843	60.061305
830.704834	60.056809
830.845825	60.050484
830.986816	60.045501
831.127808	60.041265
831.268799	60.037761
831.409729	60.036093
831.550659	60.033886
831.691589	60.033875
831.832520	60.035373
831.973450	60.038337
832.114319	60.045498
832.255249	60.051382
832.396118	60.060786
832.536987	60.070599
832.677856	60.081060
832.818726	60.091170
832.959534	60.100477
833.100342	60.111301
833.241211	60.122559
833.382019	60.133821
833.522827	60.146213
833.663574	60.158956
833.804382	60.170419
833.945129	60.181138
834.085876	60.191119
834.226685	60.199144
834.367371	60.206088
834.508118	60.208467
834.648865	60.210899
834.789551	60.211670
834.930237	60.213250
835.070923	60.216450
835.211609	60.217329
835.352295	60.215550
835.492981	60.213169
835.633606	60.213077
835.774231	60.213452
835.914856	60.212101
836.055481	60.209971
836.196106	60.207609
836.336670	60.203779
836.477295	60.201226
836.617859	60.199206
836.758423	60.198593
836.898987	60.198346
837.039551	60.199532
837.180054	60.202645
837.320618	60.211609
837.461121	60.224210
837.601624	60.238478
837.742126	60.250095
837.882629	60.262183
838.023071	60.274436
838.163574	60.286948
838.304016	60.296908
838.444458	60.305857
838.584900	60.316274
838.725281	60.326641
838.865723	60.335220
839.006104	60.344445
839.146545	60.353246
839.286926	60.359529
839.427307	60.363697
839.567627	60.367686
839.708008	60.370239
839.848328	60.369097
839.988647	60.366834
840.128967	60.363314
840.269287	60.358174
840.409607	60.352604
840.549927	60.348202
840.690186	60.340605
840.830444	60.331839
840.970703	60.327119
841.110962	60.322812
841.251221	60.315443
841.391418	60.306388
841.531677	60.298433
841.671875	60.292916
841.812073	60.287191
841.952271	60.280892
842.092468	60.274006
842.232605	60.268663
842.372803	60.261565
842.512939	60.255685
842.653076	60.253813
842.793213	60.252712
842.933289	60.249041
843.073425	60.243017
843.213501	60.236061
843.353638	60.228713
843.493713	60.222349
843.633789	60.214535
843.773804	60.205312
843.913879	60.196949
844.053894	60.192539
844.193909	60.188292
844.333923	60.184319
844.473938	60.181404
844.613953	60.177924
844.753906	60.174775
844.893921	60.176731
845.033875	60.181757
845.173828	60.188473
845.313782	60.194652
845.453735	60.200991
845.593628	60.208152
845.733582	60.217332
845.873474	60.226521
846.013367	60.237930
846.153259	60.248216
846.293091	60.260875
846.432983	60.275484
846.572815	60.289685
846.712646	60.304964
846.852478	60.320629
846.992310	60.337349
847.132141	60.352513
847.271912	60.368026
847.411743	60.383782
847.551514	60.399306
847.691284	60.411836
847.831055	60.424015
847.970764	60.435078
848.110535	60.447988
848.250244	60.457270
848.389954	60.463670
848.529663	60.467687
848.669373	60.472812
848.809082	60.476360
848.948730	60.481672
849.088440	60.486836
849.228088	60.493759
849.367737	60.499408
849.507385	60.504436
849.646973	60.508489
849.786621	60.512305
849.926208	60.516019
850.065796	60.520006
850.205383	60.524124
850.344971	60.529698
850.484558	60.534801
850.624084	60.535991
850.763611	60.535459
850.903198	60.533742
851.042725	60.534401
851.182190	60.536978
851.321716	60.540559
851.461182	60.544885
851.600708	60.548114
851.740173	60.552591
851.879639	60.555099
852.019104	60.554716
852.158508	60.555701
852.297974	60.555861
852.437378	60.556262
852.576782	60.556532
852.716187	60.558210
852.855591	60.556592
852.994934	60.555154
853.134338	60.552196
853.273682	60.550498
853.413025	60.547866
853.552368	60.548493
853.691711	60.546139
853.830994	60.541266
853.970337	60.537563
854.109619	60.536072
854.248901	60.531081
854.388184	60.528609
854.527466	60.522124
854.666687	60.515640
854.805969	60.510214
854.945190	60.504351
855.084412	60.498146
855.223633	60.491818
855.362854	60.483134
855.502014	60.474272
855.641235	60.465958
855.780396	60.458604
855.919556	60.451875
856.058716	60.444966
856.197876	60.441932
856.336975	60.438804
856.476135	60.438376
856.615234	60.440566
856.754333	60.443399
856.893433	60.445344
857.032471	60.451298
857.171570	60.457381
857.310608	60.464884
857.449646	60.473197
857.588745	60.483311
857.727722	60.495368
857.866760	60.511203
858.005798	60.527803
858.144775	60.544725
858.283752	60.563156
858.422729	60.582430
858.561707	60.599133
858.700684	60.615856
858.839600	60.631647
858.978516	60.640724
859.117493	60.658426
859.256409	60.675353
859.395264	60.691298
859.534180	60.706056
859.673096	60.719419
859.811951	60.731180
859.950806	60.741133
860.089661	60.749071
860.228516	60.754787
860.367310	60.758074
860.506165	60.758727
860.644958	60.756537
860.783752	60.751298
860.922546	60.742804
861.061340	60.730848
861.200134	60.715222
861.338867	60.695721
861.477600	60.672137
861.616333	60.644265
